62
46
43

6
25
25

32
58
49

7
20
21

46
54
29

42
54
35

49
49
69

41
32
52

32
34
13

13
50
51

19
47
43

17
32
36

25
44
37

24
10
26

65
49
44

10
25
23

15
44
46

31
56
47

37
24
44

46
50
22

22
50
46

38
39
10

34
34
8

28
20
34

8
4
8

7
41
41

30
28
12

40
4
40

31
2
31

50
45
22

23
42
36

4
27
27

13
24
27

43
41
15

37
45
58

29
56
49

43
40
16

39
43
20

1
20
20

52
40
34

38
49
31

38
58
45

6
46
46

40
13
42

28
32
42

27
41
31

9
6
7

14
2
14

28
21
19

28
30
13

17
5
17

21
48
44

49
48
11

8
20
21

14
13
7

26
31
17

36
7
36

24
13
21

40
5
40

10
6
9

49
59
33

11
3
11

12
24
21

45
45
7

14
25
28

43
13
41

21
5
21

16
39
42

47
3
47

27
28
38

5
43
43

41
23
47

15
2
15

36
25
26

36
3
36

21
22
9

39
39
8

40
29
28

23
50
55

33
48
35

2
24
24

32
32
3

35
54
42

27
46
53

50
49
14

43
64
48

44
58
39

35
37
13

10
38
39

49
59
34

13
17
21

16
6
15

19
19
3

9
26
27

5
21
21

47
15
49

15
41
39

57
29
50

24
26
12

48
48
67

48
39
29

23
10
25

17
22
15

1
40
40

27
31
16

60
34
50

19
45
48

39
1
39

54
48
25

8
41
41

27
1
27

25
26
8

48
8
48

25
26
36

28
40
48

11
2
11

3
3
2

54
22
50

53
31
44

48
8
48

24
36
27

39
41
15

25
29
16

12
3
12

46
13
45

46
60
40

44
44
5

9
16
18

16
34
37

33
13
35

33
49
37

43
43
3

36
39
53

3
3
4

42
27
49

9
43
43

45
47
14

20
33
27

33
6
33

10
39
40

45
35
57

42
33
53

24
26
10

30
46
36

35
35
7

48
64
43

36
37
11

43
48
64

25
27
12

48
27
55

12
20
17

5
26
26

9
34
33

31
55
46

3
47
47

44
62
45

12
33
35

26
12
24

15
46
44

56
32
47

17
16
8

1
44
44

44
37
57

45
26
37

40
27
30

14
26
29

34
22
26

24
36
43

13
6
12

38
50
33

46
42
19

39
36
15

19
23
14

48
49
11

34
34
4

38
37
53

19
19
4

35
30
19

30
36
46

17
30
25

28
28
6

10
31
32

8
15
13

50
26
56

28
15
31

48
24
42

18
33
28

68
48
49

26
32
41

26
26
1

31
21
37

35
16
32

17
19
25

14
41
39

40
20
44

12
7
10

35
47
58

39
24
31

7
14
15

37
35
12

14
34
32

29
13
31

38
38
6

14
13
6

34
58
47

38
38
6

13
23
20

26
1
26

6
38
38

21
11
23

46
26
52

41
41
2

43
64
48

15
21
15

25
39
46

21
18
27

21
27
34

33
2
33

6
31
31

40
41
57

43
51
28

68
50
47

10
1
10

50
53
19

50
16
48

16
9
18

47
47
4

24
12
21

38
36
13

28
33
18

67
46
50

14
23
26

2
27
27

29
2
29

40
50
30

31
40
50

24
20
14

9
12
8

37
38
9

25
20
16

27
27
1

45
57
36

48
41
63

23
22
31

34
30
45

15
7
14

60
49
35

12
12
3

35
21
40

8
37
37

2
4
4

9
10
5

14
20
24

31
31
7

30
34
45

30
33
15

24
25
8

35
37
12

28
30
11

7
21
20

43
28
33

36
19
40

41
8
41

26
24
35

64
44
47

16
47
45

4
29
29

32
18
36

10
37
38

49
14
50

60
41
44

13
7
11

38
34
17

29
2
29

15
27
23

39
49
30

22
7
21

31
17
26

50
34
37

6
17
16

19
33
38

34
29
44

29
1
29

12
18
14

49
37
61

32
21
25

24
20
31

38
56
42

39
35
18

6
28
28

17
45
48

31
16
34

20
9
18

32
32
8

50
21
46

45
46
10

44
26
36

22
26
14

43
29
51

65
48
45

