37
10
38

40
15
42

34
36
49

39
44
58

7
29
29

35
38
51

48
54
25

37
45
26

7
34
34

20
47
51

36
40
18

21
29
21

15
8
13

24
23
7

39
35
52

38
6
38

32
44
31

49
12
50

39
57
42

40
36
18

52
48
20

46
28
37

12
43
42

41
41
4

10
23
21

30
24
38

30
31
10

29
2
29

14
1
14

9
24
23

21
11
19

6
2
6

48
45
19

14
22
26

51
31
41

31
24
20

36
59
47

41
41
6

56
49
28

36
43
56

12
12
2

37
20
42

28
27
8

43
2
43

19
7
18

46
34
57

1
15
15

39
38
9

41
21
36

32
24
40

40
28
29

45
52
27

22
22
5

68
47
50

40
9
39

31
27
16

30
49
57

17
26
20

27
33
42

48
8
48

22
43
37

5
12
11

21
9
20

12
12
3

4
47
47

41
35
23

42
10
43

25
32
21

41
50
64

27
44
35

64
45
46

47
62
41

53
40
36

5
7
8

47
67
48

44
50
25

42
43
11

38
39
9

38
16
41

29
14
32

30
31
11

26
47
40

19
22
29

4
43
43

50
45
23

33
12
35

12
24
26

14
12
18

40
42
14

14
14
5

32
31
8

43
2
43

5
35
35

40
48
28

58
44
38

31
11
29

23
9
22

61
44
43

34
26
23

31
30
8

2
32
32

20
33
38

24
15
28

38
7
38

24
40
46

42
29
31

68
50
47

32
38
22

26
21
33

26
41
48

13
29
27

38
17
34

47
33
34

12
12
16

18
34
38

53
32
43

49
49
5

27
31
16

15
37
39

40
7
40

42
5
42

30
44
53

31
53
44

3
49
49

18
17
7

49
61
37

50
40
31

21
14
16

2
9
9

5
22
22

30
45
34

8
31
32

43
43
3

55
49
25

49
52
20

48
65
45

58
38
45

43
38
57

23
17
28

12
4
12

29
47
37

16
1
16

41
41
4

14
1
14

11
46
45

42
29
31

23
6
23

20
50
53

18
24
30

45
26
37

33
12
31

33
51
39

17
20
12

43
29
32

11
2
11

47
37
59

24
9
25

42
38
56

13
38
36

11
25
27

23
39
32

11
11
2

29
51
42

18
27
21

54
42
34

34
12
36

14
34
36

18
14
12

20
38
33

24
41
34

38
17
41

13
21
17

30
8
29

21
16
14

23
36
42

3
15
15

48
34
35

27
2
27

49
50
13

13
7
11

7
22
23

7
30
30

37
28
46

32
13
34

34
13
36

52
15
50

50
65
42

50
15
52

35
25
25

4
28
28

40
42
14

15
3
15

45
2
45

51
49
17

44
44
9

44
24
37

8
8
3

40
48
62

11
9
7

9
9
4

64
49
42

22
22
3

5
25
25

41
16
44

40
50
64

25
37
44

4
35
35

42
45
17

16
7
15

24
24
1

28
10
29

25
21
32

65
42
50

48
1
48

45
51
25

44
32
31

48
7
48

40
46
24

6
9
10

22
48
43

43
43
3

11
13
7

3
42
42

11
26
24

1
4
4

42
51
30

1
50
50

33
19
28

37
50
62

11
3
11

22
34
40

48
32
57

52
48
21

2
15
15

34
42
26

6
2
6

13
13
1

30
30
3

44
51
27

17
6
18

36
32
48

49
49
6

43
9
43

39
57
42

15
29
25

27
12
29

38
10
39

10
10
14

2
36
36

30
39
49

21
2
21

13
12
17

41
41
9

42
51
29

49
55
27

34
12
36

34
34
3

8
23
24

51
47
20

48
50
17

44
44
5

14
25
28

44
51
27

25
36
27

14
7
15

35
36
10

35
3
35

49
49
5

35
22
41

38
4
38

50
61
36

27
27
6

36
3
36

34
44
28

47
55
29

6
44
44

46
15
44

12
37
36

48
10
49

38
18
42

21
21
2

28
3
28

24
48
42

18
20
9

3
17
17

19
40
36

30
1
30

10
48
47

38
35
17

42
17
45

24
25
8

26
55
49

36
46
30

20
21
7

17
19
10

12
11
16

24
33
40

21
20
9

15
44
46

28
45
53

