3
48
48

42
44
60

25
18
18

49
17
46

17
25
30

26
26
6

19
19
5

36
7
36

29
28
40

22
22
1

36
51
37

47
5
47

15
45
43

24
11
26

33
28
18

31
29
11

50
6
50

8
15
13

2
4
4

27
34
21

21
15
16

1
5
5

49
24
43

24
2
24

31
31
7

8
10
6

13
2
13

47
44
18

17
37
33

32
20
37

14
50
48

49
37
33

10
18
16

28
9
29

8
9
12

46
24
51

47
31
56

50
50
2

49
57
31

11
15
18

50
45
67

43
32
29

63
49
40

59
38
46

45
48
19

46
45
13

19
43
39

8
27
28

16
12
20

12
32
30

12
49
50

17
25
19

53
25
47

7
3
7

51
13
50

30
41
50

7
25
25

33
17
37

35
11
36

46
23
40

23
31
21

44
56
36

45
12
46

16
30
34

48
17
45

38
53
38

19
19
6

35
24
42

54
49
23

40
41
57

10
48
47

35
46
57

46
27
53

56
26
50

9
41
40

18
33
37

34
28
20

41
42
10

7
1
7

24
35
26

54
39
38

42
12
41

16
15
21

55
40
38

33
26
42

54
32
44

38
45
25

17
17
24

50
49
13

27
45
52

58
34
47

27
46
38

70
50
49

11
13
7

23
11
25

2
47
47

18
20
9

39
39
2

33
35
12

60
37
48

5
44
44

1
11
11

60
44
41

61
36
50

43
25
35

46
35
57

27
26
8

16
42
39

25
25
6

48
48
4

49
52
19

40
16
43

25
18
18

22
38
31

17
25
30

6
43
43

60
47
38

21
49
53

50
25
44

12
9
8

45
30
34

13
40
42

38
15
40

36
36
5

44
56
36

29
36
46

48
25
42

35
27
44

59
33
49

44
40
19

2
20
20

40
45
60

24
49
43

43
31
31

48
42
63

48
26
54

47
47
66

31
31
1

4
20
20

50
20
53

8
44
44

25
25
35

31
46
55

15
21
25

3
2
3

10
50
50

35
7
35

31
53
43

1
26
26

7
25
24

33
15
36

27
30
14

13
46
45

18
36
40

4
35
35

16
22
27

4
37
37

38
44
58

17
28
32

46
46
6

55
25
49

41
44
18

47
42
22

35
37
13

28
47
54

45
28
53

15
47
49

41
5
41

49
56
28

46
42
20

38
36
52

18
50
53

17
50
52

2
24
24

57
31
48

55
44
34

43
46
62

8
45
45

46
40
24

42
28
50

43
20
39

46
24
40

1
24
24

60
43
42

8
8
2

65
50
42

44
44
9

31
28
14

34
55
44

24
12
26

7
39
39

50
51
12

19
19
5

44
14
46

13
7
12

56
47
31

22
26
34

24
20
14

27
22
34

41
41
4

22
46
50

15
14
20

31
30
9

46
48
66

24
7
25

20
29
22

17
38
35

49
19
46

41
62
47

50
37
62

20
22
11

6
4
7

12
25
23

30
11
31

28
26
38

3
8
8

27
38
28

8
39
39

10
33
34

3
50
50

38
3
38

3
15
15

47
33
57

37
61
49

24
19
30

52
46
25

18
9
16

38
33
50

34
60
50

42
36
23

31
27
41

38
22
31

30
39
25

5
5
2

25
46
52

7
7
9

23
24
8

11
50
49

42
22
36

31
20
36

5
17
17

33
36
16

44
8
44

68
49
48

40
45
60

43
36
24

18
42
45

41
47
23

45
53
29

21
41
36

4
19
19

50
57
28

38
43
21

36
32
17

47
12
48

48
48
3

67
45
50

35
28
21

17
17
4

48
54
26

18
25
18

31
30
8

46
47
13

44
13
43

31
17
27

31
48
57

34
37
50

6
2
6

20
12
16

48
20
52

50
14
49

49
43
24

46
45
12

43
39
20

38
14
40

57
41
41

36
28
24

31
31
4

28
30
11

21
16
15

32
20
25

50
66
44

44
53
31

33
30
15

24
6
24

6
39
39

42
36
23

41
38
55

27
27
2

25
24
34

22
25
13

31
7
31

34
12
36

34
55
44

25
51
45

46
37
28

23
18
29

43
65
49

29
29
4

30
24
19

